CPU-GPU copy time = 9.3e-05 seconds
n = 2000, simulation time = 3.30311 seconds
n = 2000, absmin = 0.796406, absavg = 0.957891
