n = 2000, simulation time = 9.12326 seconds
n = 2000, absmin = 0.797322, absavg = 0.955551
